Tommy
Brown
ne 7
32 1806435 -73 749082
-22 788597 -123 530642
32 1806435 -73 749082
Laura
Carroll
da 14
68 745002 168 881129
-22 788597 -123 530642
38 4030935 -48 787463
Elizabeth
Reeves
da 9
7 190265 -19 681418
-69 162267 -4 899491
-22 788597 -123 530642
Chad
Mills
ne 10
7 190265 -19 681418
-41 686119 121 648046
38 4030935 -48 787463
Laura
Phillips
da 11
6 324788 -173 493782
13 593035 -12 466205
7 190265 -19 681418
Benjamin
Parks
ne 7
68 745002 168 881129
-41 686119 121 648046
-41 686119 121 648046
Henry
Taylor
ne 20
6 324788 -173 493782
68 745002 168 881129
13 593035 -12 466205
James
Matthews
da 20
6 324788 -173 493782
68 745002 168 881129
-22 788597 -123 530642
Joseph
Powell
ne 20
68 745002 168 881129
48 0940985 148 106327
7 190265 -19 681418
Catherine
Hampton
da 19
13 593035 -12 466205
-69 162267 -4 899491
13 593035 -12 466205
